Sub lnScale sigVar  noiseVar
1	-1.2412	-0.7075	-4.3125
2	-1.4188	-0.46417	-4.3917
3	-1.2733	-0.56625	-3.6292
4	-0.71875	-0.38667	-5.3083
5	-0.56542	-0.2375	-4.3875
6	-1.6179	-1.0171	-4.4
7	-1.2567	-0.64042	-4.4208
8	-1.0829	-0.71792	-4.4042
9	-0.92	-0.64583	-4.7958
10	-0.57333	-0.17875	-4.7208
11	-0.93792	-0.60208	-4.8542
12	-1.0113	-0.58333	-5.0125
13	-0.8	-0.14042	-4.8167
14	-1.1817	-0.475	-4.6458
15	-1.2042	-0.42833	-4.2417
16	-0.52458	-0.43833	-5.15
17	-1.3242	-0.3	-4.0667
18	-1.2033	-0.725	-4.7875
19	-1.11	-0.46083	-4.2167
20	-0.025833	0.18958	-5.0417
21	-1.1629	-0.81458	-4.3625
22	-1.0821	-0.34625	-4.7458
23	-1.0246	-0.525	-4.6417
24	-1.0271	-0.58125	-4.8833
25	-0.72292	-0.5575	-4.9208
26	-0.79917	-0.22792	-4.9542
27	-1.2387	-0.68333	-4.7125
28	-0.32	-0.040417	-5.0958
29	-1.7346	-1.0675	-4.425
30	-1.015	-0.59625	-4.9958
31	-1.1863	-0.81	-4.7625
32	-1.0163	-0.77542	-4.8792
33	-0.98875	-0.35125	-4.9667
34	-0.62708	-0.38042	-5.4042
35	-1.5633	-0.93917	-4.725
36	-0.88292	-0.72167	-4.9542
37	-0.22125	-0.0070833	-4.975
38	-0.40292	-0.24833	-5.2125
39	-1.425	-0.70917	-4.1667
40	-0.71667	-0.5225	-4.9917
41	-1.2313	-0.76708	-4.6292
42	-0.89042	-0.105	-4.4292
43	0.0091667	0.33708	-4.8625
44	-0.82333	-0.29042	-5.3417
45	-0.79792	-0.50708	-4.6417
46	-0.77833	-0.21	-4.9375
47	-0.51833	-0.35917	-4.2208
48	-0.93083	-0.0475	-4.5375
49	-0.40208	-0.44	-5.375
50	-1.6042	-0.95708	-3.625
51	-1.3504	-0.7575	-4.7875
52	-1.3679	-0.68625	-3.825
53	-1.5204	-0.82625	-4.7583
54	-1.2096	-0.49375	-4.5708
55	-1.0888	-0.505	-5.175
56	-1.0392	-0.89375	-5.1292
57	-1.1425	-0.57958	-4.5458
58	-1.0804	-0.81333	-5.1208
59	-0.75292	-0.44833	-4.875
60	-0.94292	-0.57958	-4.6125
61	-1.2388	-0.6225	-4.6167
62	-1.7254	-0.99917	-4.0875
63	-1.2608	-0.425	-4.8292
64	-1.2358	-0.81958	-5.3125
65	-1.4275	-0.71583	-4.4042
66	-1.8246	-1.0329	-4.2208
67	-1.7654	-0.90667	-4.3833
68	-1.3937	-0.90792	-4.4625
69	-1.0746	-0.46083	-5.0833
70	0.7975	0.71042	-5.5958
71	-1.0167	-0.57458	-5.1917
72	-0.7025	-0.28333	-4.9
73	-1.4842	-0.5075	-4.2958
74	-1.4617	-0.86042	-4.6333
77	-0.4825	-0.0875	-5.2667
78	-1.1929	-0.27708	-4.65
79	-0.48167	-0.4225	-5.4958
80	-0.48958	-0.205	-5.125
81	-1.5646	-0.915	-4.6083
82	-0.7675	-0.51958	-5.4958
83	-0.87167	-0.60958	-2.2917
84	-1.1333	-0.63167	-4.6333
85	-0.745	-0.59667	-5.8875
86	-0.92083	-0.1475	-4.9083
87	-0.53542	-0.33542	-5.2458
88	-1.0171	-0.44583	-4.7958
89	-0.92333	-0.41083	-4.9833
90	-0.94833	-0.49792	-5.1917
91	-0.68792	-0.175	-5.2458
92	-1.8492	-1.0267	-4.3833
93	-1.5638	-0.84	-4.6375
94	-0.76667	-0.13	-4.6417
95	-1.5721	-0.68542	-4.2667
96	-1.1504	-0.72333	-5.1792
97	-0.9925	-0.60083	-5.1708
98	-0.59708	-0.41333	-5.1583
99	-1.775	-1.1333	-3.5583
100	-1.2321	-0.20583	-4.2333
102	-0.46125	0.01625	-5.1542
103	-0.88333	-0.4975	-4.8625
104	-1.6017	-0.97083	-3.8583
105	-1.4125	-0.66125	-4.0167
106	-1.7733	-1.0467	-4.1583
107	-0.90458	-0.4125	-4.8292
108	-0.84333	-0.59708	-5
109	-1.1063	-0.65167	-5.2542
110	-1.0792	-0.46042	-3.8833
111	-0.63208	-0.39917	-5.1792
112	-1.3313	-0.78417	-3.825
113	-1.0321	-0.40208	-4.8625
114	-0.98083	-0.45667	-4.9583
115	-1.3129	-0.5925	-4.9917
116	-1.3812	-0.54833	-5.0958
117	-1.7088	-1.0671	-4.3667
118	-1.2933	-0.52042	-4.7083
119	-1.2121	-0.62667	-5.0708
120	-1.4588	-0.85	-4.7375
121	-1.11	-0.43792	-4.5625
122	-0.87417	-0.23167	-4.5708
123	-1.3554	-0.72667	-5.0542
124	-1.8504	-1.1033	-3.7583
125	-0.87833	-0.62	-5.1083
126	-1.3521	-0.50583	-3.3083
127	-1.2204	-0.66	-4.9042
128	-1.7817	-1.0308	-4.5792
129	-0.74667	-0.16417	-4.8125
130	-0.89	-0.41292	-4.6958
131	-0.48792	-0.54833	-5.2375
132	-0.95875	-0.0425	-4.1583
133	-1.0117	-0.63708	-4.6833
134	-0.97708	-0.51917	-5.1667
135	-1.4021	-0.56417	-4.6708
136	-1.4225	-0.825	-4.325
137	-1.33	-0.3275	-4.4125
138	-0.86292	-0.60958	-5.0375
139	-1.1308	-0.45375	-4.8125
140	-1.5629	-0.90333	-4.5542
141	-1.1192	-0.50375	-4.6
142	-1.4738	-0.86875	-4.9417
143	-1.17	-0.74708	-4.7917
144	-0.96	-0.2425	-4.95
145	-1.1046	-0.6	-4.8042
146	-0.89542	-0.23333	-4.8708
147	-1.135	-0.47	-4.6583
148	-1.7771	-1.0417	-4.0917
149	-0.82625	-0.39667	-5.025
150	-0.99583	-0.5475	-4.7958
151	-1.7904	-0.97042	-4.2458
152	-1.4542	-0.69875	-4.2625
153	-1.015	-0.695	-4.875
154	-1.1642	-0.50792	-4.3292
155	-1.0792	-0.56042	-4.5083
156	-0.58333	-0.27333	-5.2292
157	-0.95083	-0.55792	-4.9375
158	-1.2529	-0.56625	-4.6542
159	-0.46792	-0.085833	-5.2167
160	-0.22125	-0.24917	-4.9625
161	-0.96083	-0.28125	-4.7875
162	-1.0729	-0.44417	-5.1792
163	-1.4546	-0.93833	-4.6542
164	-1.1667	-0.53625	-4.4833
165	-1.5567	-0.87042	-4.5583
166	-0.83208	-0.37292	-4.9292
167	-1.1079	-0.375	-5.2375
168	-1.2154	-0.69833	-4.475
169	-0.57375	-0.115	-4.7167
170	-1.6288	-1.1704	-3.2542
